All 8 Methods  —  T=1000  stride=1
Checkpoint : /root/Repaint_vs_DPS/checkpoints_linear/best_model_linear.pt
Schedule   : linear   noise_std=0.11619
N seeds    : 20

Method                  Mean RMSE   Std RMSE      Min      Max  Mean Time(s)
---------------------------------------------------------------------------
RePaint r=10               0.0854     0.0463   0.0299   0.2452         97.70
RePaint r=1                0.1244     0.0750   0.0529   0.3889          9.49
DPS z=0.5                  0.0633     0.0211   0.0327   0.1121         31.74
DPS z=0.04                 0.0537     0.0281   0.0194   0.1312         33.08
RD r=10 z=0.5              0.0526     0.0243   0.0224   0.1139        324.84
RD r=10 z=0.04             0.0590     0.0425   0.0168   0.2162        329.47
RD r=1 z=0.5               0.0670     0.0306   0.0228   0.1597         32.76
RD r=1 z=0.04              0.0528     0.0312   0.0218   0.1466         33.03

Per-seed breakdown:
    Seed   idx  RePaint r=      t  RePaint r=      t   DPS z=0.5      t  DPS z=0.04      t  RD r=10 z=      t  RD r=10 z=      t  RD r=1 z=0      t  RD r=1 z=0      t
------------------------------------------------------------------------------------------------------------------------------------------------------------------------
       0     0      0.0729   79.1      0.0771    7.7      0.0793   31.2      0.0397   31.1      0.0609  308.7      0.0647  315.9      0.0752   30.6      0.0563   30.2
       7     7      0.0881   74.6      0.1513    7.2      0.0666   29.8      0.0674   30.2      0.0582  317.4      0.0861  307.4      0.0531   31.4      0.0999   31.5
      14    14      0.1038   75.1      0.1854    7.4      0.0892   30.4      0.1312   30.1      0.1068  310.8      0.2162  309.4      0.0886   30.1      0.0800   30.1
      21    21      0.0299   74.7      0.3889    7.3      0.0476   30.2      0.0951   31.0      0.0322  307.7      0.1168  313.8      0.0631   31.3      0.1466   33.1
      28    28      0.0774   98.0      0.0772   10.0      0.0378   32.3      0.0736   31.8      0.0590  293.7      0.0470  324.6      0.0334   32.6      0.0258   32.0
      35    35      0.0877   89.2      0.0634    9.5      0.0410   33.5      0.0480   36.3      0.0778  324.2      0.0486  315.1      0.0618   32.1      0.0460   30.1
      42    42      0.0932   92.8      0.1142    8.8      0.0631   27.2      0.0494   31.7      0.0507  320.5      0.0409  325.3      0.0906   31.9      0.0669   32.1
      49    49      0.2452   91.4      0.1390    8.9      0.1121   31.3      0.0601   29.9      0.1139  316.2      0.0509  304.9      0.1597   31.2      0.0454   30.6
      56    56      0.0717   86.3      0.1565    8.4      0.0502   29.9      0.0217   29.7      0.0447  305.0      0.0231  336.7      0.0308   31.0      0.0218   34.8
      63    63      0.0695  122.7      0.0534   11.9      0.0474   31.5      0.0267   33.1      0.0259  344.0      0.0528  357.4      0.0531   32.5      0.0370   32.5
      70    70      0.0943   99.3      0.1602    9.8      0.0482   33.6      0.0333   34.6      0.0477  334.2      0.0492  326.6      0.0562   36.0      0.0402   34.8
      77    77      0.0541  113.6      0.0621   10.0      0.0847   32.5      0.0908   34.4      0.0486  343.2      0.0168  332.6      0.0598   32.9      0.1032   34.1
      84    84      0.0508  107.0      0.0828   11.4      0.0892   33.7      0.0426   37.5      0.0732  339.6      0.0445  339.3      0.0832   32.5      0.0417   32.9
      91    91      0.0399   95.3      0.1492    9.0      0.0676   33.8      0.0811   34.6      0.0315  346.9      0.0321  335.6      0.0998   35.3      0.0303   34.0
      98    98      0.1069  118.2      0.0545   11.9      0.0801   33.3      0.0482   33.0      0.0293  329.8      0.0674  339.7      0.0842   34.8      0.0412   34.5
     105   105      0.0633  103.8      0.1452    9.5      0.0327   30.2      0.0211   33.5      0.0278  337.3      0.0314  331.5      0.0246   31.1      0.0231   35.9
     112   112      0.0537   99.1      0.1853    9.4      0.0391   33.5      0.0194   31.7      0.0224  333.1      0.0210  413.9      0.0228   39.1      0.0283   37.8
     119   119      0.1645  144.0      0.0877   12.9      0.0797   36.7      0.0357   46.4      0.0501  362.3      0.0696  346.8      0.0860   35.6      0.0380   35.1
     126   126      0.0774   97.8      0.0529    9.4      0.0467   30.2      0.0478   30.5      0.0393  321.6      0.0576  304.2      0.0573   32.4      0.0430   32.0
     133   133      0.0628   92.1      0.1013    9.3      0.0631   30.1      0.0404   30.6      0.0520  300.7      0.0443  308.6      0.0563   30.9      0.0405   32.3
