6 Methods  —  T=1000  stride=10
Checkpoint : /root/Repaint_vs_DPS/checkpoints_linear/best_model_linear.pt
Schedule   : linear   noise_std=0.11619
N seeds    : 100

Method                  Mean RMSE   Std RMSE      Min      Max  Mean Time(s)
---------------------------------------------------------------------------
RePaint r=10               0.0905     0.0391   0.0296   0.1946          8.16
RePaint r=1                0.1159     0.0506   0.0275   0.3084          0.80
DPS z=0.5                  0.1303     0.0643   0.0168   0.3418          2.96
DPS z=0.04                 0.0610     0.0226   0.0241   0.1441          2.98
RD r=1 z=0.5               0.1404     0.0661   0.0214   0.3666          3.02
RD r=1 z=0.04              0.0585     0.0257   0.0162   0.1878          3.00

Per-seed breakdown:
    Seed   idx  RePaint r=      t  RePaint r=      t   DPS z=0.5      t  DPS z=0.04      t  RD r=1 z=0      t  RD r=1 z=0      t
----------------------------------------------------------------------------------------------------------------------------------
       0     0      0.0524   10.0      0.0772    0.8      0.1833    3.4      0.0410    3.1      0.1813    3.3      0.0562    3.2
       7     7      0.1295    8.5      0.0959    0.9      0.1059    3.6      0.0529    3.1      0.1138    3.4      0.1036    3.2
      14    14      0.0875    8.1      0.0935    0.8      0.1068    3.0      0.0569    3.1      0.2184    3.1      0.0833    2.8
      21    21      0.0681    8.0      0.0850    0.8      0.0551    2.6      0.0424    2.8      0.0571    3.0      0.0729    3.1
      28    28      0.1563    8.5      0.1135    0.9      0.0438    3.1      0.0426    3.1      0.0641    3.1      0.0480    3.1
      35    35      0.1452    8.0      0.1411    0.8      0.0739    3.0      0.0520    3.0      0.2091    3.2      0.0335    3.1
      42    42      0.0299    8.0      0.0862    0.8      0.1033    3.0      0.0556    3.1      0.1899    3.1      0.0413    3.2
      49    49      0.1060    7.9      0.1605    0.8      0.2331    3.0      0.0483    3.1      0.2708    3.0      0.1001    3.1
      56    56      0.0590    8.3      0.0703    0.8      0.0254    2.9      0.0241    2.4      0.0310    2.4      0.0291    3.2
      63    63      0.0441    8.1      0.1068    0.8      0.0406    3.0      0.0273    3.1      0.0312    3.2      0.0264    3.2
      70    70      0.0761    8.0      0.1639    0.8      0.1094    3.0      0.0296    3.1      0.1279    3.1      0.0524    3.1
      77    77      0.1923    8.2      0.0944    0.8      0.1386    3.0      0.0799    3.0      0.1391    3.1      0.0323    3.1
      84    84      0.0801    8.2      0.1218    0.8      0.1246    2.6      0.0496    3.1      0.2104    2.9      0.0528    3.1
      91    91      0.1304    8.0      0.1495    0.8      0.0824    3.2      0.0791    3.1      0.0856    3.1      0.0671    3.3
      98    98      0.0864    8.3      0.1367    0.8      0.1519    2.9      0.0445    3.1      0.1573    3.1      0.0554    3.2
     105   105      0.0572    8.0      0.0275    0.8      0.0584    2.4      0.0352    2.3      0.0535    2.3      0.0376    2.3
     112   112      0.0875    7.9      0.1175    0.8      0.0181    2.7      0.0551    3.0      0.0214    3.1      0.0422    3.1
     119   119      0.0729    8.1      0.0423    0.8      0.0398    3.0      0.0543    3.0      0.1571    3.1      0.0357    2.9
     126   126      0.0902    8.0      0.1661    0.8      0.1981    3.0      0.0575    3.1      0.0255    3.1      0.0477    3.1
     133   133      0.0827    8.0      0.1294    0.8      0.1673    2.4      0.0265    2.3      0.1797    2.3      0.0515    2.3
     140   140      0.0519    7.9      0.2825    0.8      0.1124    2.3      0.0470    2.3      0.1133    2.3      0.0502    2.3
     147   147      0.1422    7.9      0.1569    0.8      0.1554    2.3      0.1441    2.3      0.2751    2.3      0.0884    2.3
     154   154      0.0637    7.9      0.1140    0.8      0.1239    3.0      0.0761    3.1      0.1544    3.2      0.0490    3.1
     161   161      0.0783    8.0      0.1081    0.8      0.0980    3.1      0.0375    3.2      0.1125    3.1      0.0432    3.1
     168   168      0.0988    8.5      0.0741    0.8      0.0511    3.1      0.0368    3.1      0.0765    3.1      0.0306    3.2
     175   175      0.0524    8.0      0.1254    0.8      0.1604    3.1      0.0895    3.1      0.1875    3.1      0.0340    3.2
     182   182      0.0840    8.4      0.0455    0.8      0.0168    3.1      0.0267    3.2      0.0721    3.1      0.0162    3.2
     189   189      0.0302    8.3      0.1484    0.8      0.3418    3.1      0.0816    3.1      0.0509    3.1      0.0367    3.1
     196   196      0.0428    7.9      0.0690    0.8      0.3288    3.0      0.0391    3.1      0.3666    2.9      0.0306    2.9
     203   203      0.0296    8.0      0.0993    0.8      0.2112    3.0      0.0445    3.1      0.1370    3.3      0.0527    3.2
     210   210      0.1224    7.9      0.1048    0.8      0.1430    2.5      0.0663    2.5      0.1213    3.1      0.0547    3.0
     217   217      0.0427    8.0      0.0884    0.8      0.1222    3.1      0.0566    3.1      0.1052    3.1      0.0624    3.1
     224   224      0.0667    8.1      0.0987    0.8      0.2739    3.1      0.0314    2.6      0.1692    3.0      0.0363    3.1
     231   231      0.0733    8.0      0.0686    0.8      0.1993    3.1      0.0915    3.1      0.2108    3.1      0.0677    2.9
     238   238      0.0916    8.5      0.0667    0.8      0.0824    3.2      0.0536    2.5      0.0620    2.3      0.0636    2.3
     245   245      0.0779    8.0      0.1012    0.8      0.1385    3.1      0.0884    3.2      0.1056    3.1      0.0736    3.1
     252   252      0.0891    8.3      0.1042    0.8      0.1499    3.0      0.0671    3.0      0.1837    2.7      0.0579    2.3
     259   259      0.0755    7.9      0.0398    0.8      0.0887    2.8      0.0579    3.2      0.1220    3.1      0.0534    3.2
     266   266      0.0815    8.1      0.2136    0.8      0.0792    3.1      0.0643    3.1      0.1190    3.1      0.0801    3.1
     273   273      0.0338    8.0      0.2228    0.8      0.2019    2.3      0.0389    2.3      0.2018    2.3      0.0719    2.3
     280   280      0.0866    7.9      0.0834    0.8      0.1065    3.0      0.0527    3.0      0.1258    3.1      0.0496    3.1
     287   287      0.0579    8.0      0.1290    0.8      0.1818    3.1      0.0541    2.6      0.1170    2.4      0.0494    2.4
     294   294      0.0972    8.3      0.0583    0.8      0.2200    2.4      0.0504    3.0      0.2315    3.1      0.0345    3.1
     301   301      0.1569    8.5      0.0673    0.8      0.0891    3.0      0.0506    3.1      0.2487    3.2      0.0413    3.1
     308   308      0.0856    8.4      0.0715    0.8      0.1220    3.1      0.0542    3.1      0.1615    2.9      0.0755    2.2
     315   315      0.0797    7.9      0.0444    0.8      0.1632    2.4      0.0678    3.1      0.1179    3.1      0.0593    3.2
     322   322      0.1842    7.9      0.1119    0.8      0.2056    3.1      0.0505    3.1      0.1595    3.2      0.0395    3.1
     329   329      0.1190    8.1      0.1073    0.8      0.0608    2.9      0.0377    2.9      0.0299    3.1      0.0695    3.1
     336   336      0.1620    8.0      0.0764    0.8      0.1780    3.0      0.0616    3.2      0.2321    3.1      0.0861    3.1
     343   343      0.1307    8.0      0.1214    0.8      0.0659    3.0      0.0628    3.0      0.0731    3.2      0.0432    3.1
     350   350      0.0401    8.0      0.0857    0.8      0.0914    2.8      0.0959    3.0      0.1952    3.1      0.0715    3.1
     357   357      0.1921    7.9      0.0987    0.8      0.0855    3.0      0.0731    3.1      0.0611    3.1      0.0458    3.1
     364   364      0.1328    7.9      0.0784    0.8      0.0891    3.1      0.1085    3.1      0.1361    3.1      0.0736    3.1
     371   371      0.0691    8.0      0.0684    0.8      0.1152    3.0      0.0595    3.1      0.1347    2.6      0.0676    2.3
     378   378      0.0573    7.9      0.1219    0.8      0.1490    2.3      0.0546    2.3      0.1871    3.1      0.0300    3.0
     385   385      0.0376    8.4      0.0684    0.8      0.1666    3.1      0.0436    3.1      0.0571    3.2      0.0249    3.1
     392   392      0.0745    8.5      0.1216    0.8      0.1140    2.7      0.0496    3.0      0.1771    3.1      0.0414    3.1
     399   399      0.1022    8.4      0.1238    0.8      0.1369    3.1      0.0640    3.0      0.2014    3.0      0.0525    2.3
     406   406      0.0695    7.9      0.0919    0.8      0.1333    2.3      0.0543    2.9      0.1786    3.1      0.0412    3.1
     413   413      0.0460    8.2      0.0749    0.8      0.0644    3.1      0.0404    3.1      0.1199    3.1      0.0527    3.1
     420   420      0.0717    8.0      0.0885    0.8      0.0861    3.1      0.0582    3.1      0.1009    3.1      0.0495    3.1
     427   427      0.0620    8.0      0.0718    0.8      0.0662    3.0      0.0531    3.1      0.0599    3.1      0.0541    3.0
     434   434      0.0573    8.2      0.0976    0.8      0.0761    3.2      0.0437    3.1      0.0960    3.1      0.0324    3.1
     441   441      0.0611    8.4      0.2166    0.8      0.1415    2.8      0.0720    2.3      0.2303    2.3      0.0717    3.0
     448   448      0.0339    8.3      0.2224    0.8      0.1275    3.1      0.0496    3.0      0.1383    3.2      0.0547    3.2
     455   455      0.0784    8.1      0.0886    0.8      0.0742    3.1      0.0607    3.1      0.0899    3.2      0.0452    3.5
     462   462      0.0557    8.6      0.1322    0.8      0.1164    3.2      0.0580    3.1      0.2030    3.1      0.0538    3.1
     469   469      0.1107    8.2      0.1724    0.8      0.1891    2.9      0.1399    3.0      0.2639    3.2      0.1052    3.0
     476   476      0.0956    8.7      0.1125    0.8      0.1107    2.8      0.0309    3.1      0.0816    3.1      0.1152    3.1
     483   483      0.0940    8.4      0.1381    0.8      0.1059    3.1      0.0910    3.1      0.1194    3.1      0.0459    3.0
     490   490      0.0826    8.4      0.1581    0.8      0.1492    3.0      0.0625    3.0      0.1739    3.2      0.0763    3.1
     497   497      0.0670    8.2      0.1077    0.8      0.1970    2.8      0.0972    3.1      0.2305    3.1      0.1221    2.9
     504   504      0.1193    7.9      0.0858    0.8      0.1696    3.0      0.0641    3.0      0.1673    3.1      0.0450    3.1
     511   511      0.0753    7.9      0.1250    0.8      0.2243    3.0      0.0492    3.1      0.1649    3.1      0.0606    3.1
     518   518      0.0787    8.0      0.1708    0.8      0.1860    3.1      0.0430    3.1      0.1921    3.2      0.0332    3.1
     525   525      0.1040    7.9      0.0594    0.8      0.1221    3.0      0.0349    3.1      0.0722    3.1      0.0328    3.1
     532   532      0.1011    7.9      0.0841    0.8      0.1596    2.6      0.0778    2.6      0.1592    3.0      0.0475    3.2
     539   539      0.0795    8.5      0.3084    0.8      0.2035    3.0      0.0475    3.1      0.2417    2.9      0.0451    2.5
     546   546      0.1064    8.4      0.1308    0.9      0.1299    3.1      0.0533    3.1      0.2630    3.1      0.0495    3.1
     553   553      0.1337    7.9      0.1467    0.8      0.0790    3.1      0.0783    3.1      0.1155    3.2      0.0832    3.1
     560   560      0.0666    8.5      0.0961    0.8      0.1481    3.0      0.0599    3.0      0.1422    3.3      0.0729    3.1
     567   567      0.0903    8.2      0.1455    0.9      0.2590    3.1      0.0687    3.0      0.1547    3.2      0.0517    3.1
     574   574      0.1691    8.0      0.1243    0.8      0.1062    3.1      0.0485    3.2      0.1061    2.7      0.0395    3.3
     581   581      0.1712    8.9      0.1917    0.9      0.0881    3.2      0.0827    3.2      0.0930    2.4      0.0984    3.2
     588   588      0.1004    8.3      0.0676    0.8      0.0833    4.2      0.0624    3.2      0.0995    3.1      0.0754    3.2
     595   595      0.1258    8.1      0.1703    0.8      0.0751    3.0      0.0468    3.1      0.1823    3.2      0.0746    3.1
     602   602      0.1768    8.4      0.2729    0.8      0.1728    3.1      0.0863    3.1      0.1296    3.3      0.1387    3.2
     609   609      0.0878    8.1      0.1040    0.8      0.0526    3.0      0.0803    3.0      0.0502    3.1      0.0543    3.1
     616   616      0.0473    7.9      0.1024    0.8      0.0408    3.0      0.0644    3.1      0.0625    3.1      0.0402    2.5
     623   623      0.1237    8.4      0.1508    0.8      0.1800    2.6      0.0844    3.1      0.1432    3.1      0.0609    3.0
     630   630      0.1070    8.1      0.1765    0.8      0.1145    3.1      0.0550    3.1      0.0783    3.1      0.0410    2.9
     637   637      0.0691    8.0      0.1166    0.8      0.1479    3.0      0.1210    3.1      0.1280    3.2      0.1878    3.1
     644   644      0.1946    8.2      0.1322    0.8      0.0695    3.1      0.0750    3.1      0.0672    3.1      0.0718    3.1
     651   651      0.0874    8.1      0.1306    0.8      0.1080    3.0      0.0422    3.2      0.1207    3.2      0.0692    3.2
     658   658      0.1040    8.2      0.0642    0.8      0.0649    3.1      0.0729    3.2      0.0709    3.1      0.0754    3.1
     665   665      0.1074    7.9      0.0932    0.8      0.2416    3.1      0.1028    3.1      0.2005    3.2      0.0777    3.1
     672   672      0.0505    7.9      0.0602    0.8      0.2488    3.1      0.0686    3.2      0.2199    3.0      0.0300    2.4
     679   679      0.0532    7.8      0.0849    0.8      0.0641    2.3      0.0525    2.6      0.0839    3.2      0.0483    3.2
     686   686      0.0811    8.4      0.1481    0.8      0.1879    3.1      0.0966    2.6      0.1381    2.3      0.0891    3.0
     693   693      0.1225    8.3      0.1269    0.8      0.1897    3.0      0.0878    3.1      0.1874    3.1      0.0543    3.0
