12 Methods  —  T=1000  stride=10
Checkpoint : /root/Repaint_vs_DPS/checkpoints_linear/best_model_linear.pt
Schedule   : linear   noise_std=0.11619
N seeds    : 100

Method                    Mean RMSE   Std RMSE      Min      Max  Mean Time(s)
---------------------------------------------------------------------------
RePaint r=10                 0.0978     0.0485   0.0226   0.2608          6.74
RePaint r=1                  0.1062     0.0511   0.0353   0.2948          0.65
DPS z=0.5                    0.1221     0.0566   0.0142   0.3304          2.48
DPS z=0.04                   0.0583     0.0256   0.0210   0.1439          2.53
RD r=1 z=0.5                 0.1319     0.0575   0.0205   0.3254          2.58
RD r=1 z=0.04                0.0611     0.0259   0.0208   0.1342          2.59
DDIM eta=0                   0.1241     0.0567   0.0421   0.3380          0.73
DDIM eta=1                   0.1046     0.0462   0.0411   0.3069          0.65
DDIM+DPS e0 z=0.5            0.1725     0.0615   0.0711   0.3909          2.01
DDIM+DPS e0 z=0.04           0.0665     0.0248   0.0195   0.1610          2.00
DDIM+DPS e1 z=0.5            0.1184     0.0561   0.0164   0.3406          2.01
DDIM+DPS e1 z=0.04           0.0569     0.0257   0.0138   0.1637          2.00

Per-seed breakdown:
    Seed   idx  RePaint r=      t  RePaint r=      t   DPS z=0.5      t  DPS z=0.04      t  RD r=1 z=0      t  RD r=1 z=0      t  DDIM eta=0      t  DDIM eta=1      t  DDIM+DPS e      t  DDIM+DPS e      t  DDIM+DPS e      t  DDIM+DPS e      t
----------------------------------------------------------------------------------------------------------------------------------------------------------------------------------------------------------------------------------------------------
       0     0      0.0687    7.1      0.1711    0.7      0.1655    2.8      0.0764    2.6      0.1580    2.5      0.0392    2.6      0.0685    0.8      0.0743    0.6      0.1711    2.1      0.0506    2.0      0.1290    2.1      0.0610    2.1
       7     7      0.0669    6.7      0.0685    0.6      0.0805    2.5      0.0864    2.5      0.0988    2.5      0.0358    2.6      0.1288    0.7      0.0747    0.7      0.1717    2.1      0.0591    2.0      0.0715    2.0      0.0460    2.1
      14    14      0.1734    6.7      0.0724    0.7      0.1032    2.5      0.1213    2.5      0.1279    2.5      0.0959    2.6      0.0858    0.7      0.1784    0.7      0.2137    2.0      0.0961    1.9      0.0897    2.0      0.0737    2.0
      21    21      0.0433    6.8      0.0417    0.6      0.0673    2.4      0.0345    2.5      0.1159    2.6      0.0593    2.6      0.1687    0.8      0.0902    0.7      0.0963    2.0      0.0434    2.0      0.1477    2.0      0.1637    2.1
      28    28      0.0933    6.7      0.0963    0.7      0.0745    2.5      0.0437    2.9      0.0759    2.6      0.0522    2.6      0.0886    0.7      0.1968    0.7      0.1650    2.0      0.0871    2.1      0.0991    2.0      0.0285    2.0
      35    35      0.0654    6.7      0.0790    0.6      0.1174    2.4      0.0836    2.6      0.1925    2.6      0.0219    2.5      0.0695    0.7      0.0743    0.6      0.1440    2.0      0.0561    2.0      0.1345    2.0      0.0458    2.0
      42    42      0.0914    6.8      0.1233    0.7      0.1487    2.5      0.0269    2.5      0.1896    2.5      0.0429    2.5      0.1918    0.7      0.1060    0.7      0.1305    1.7      0.0602    2.0      0.1705    2.1      0.0263    2.1
      49    49      0.0565    6.9      0.0614    0.6      0.2755    2.6      0.0600    2.5      0.2677    2.6      0.0412    2.6      0.0702    0.7      0.0807    0.6      0.2542    2.1      0.1037    2.0      0.2435    2.0      0.0571    2.0
      56    56      0.0846    6.7      0.1373    0.6      0.0242    2.4      0.0302    2.5      0.0205    2.5      0.0262    2.6      0.2162    0.7      0.1185    0.6      0.0884    2.0      0.0247    2.1      0.0378    2.1      0.0268    2.0
      63    63      0.0557    6.7      0.1544    0.7      0.0397    2.6      0.0243    2.6      0.0394    2.6      0.0208    2.6      0.0421    0.7      0.0476    0.7      0.0740    2.0      0.0366    2.0      0.0354    2.0      0.0269    2.0
      70    70      0.1248    6.8      0.0671    0.7      0.0686    2.5      0.0605    2.5      0.1376    2.5      0.0590    2.6      0.2648    0.7      0.0932    0.7      0.1426    2.1      0.0633    1.9      0.0781    1.9      0.0361    1.9
      77    77      0.1494    6.7      0.0465    0.7      0.0854    2.2      0.0651    2.4      0.1127    2.5      0.0412    2.6      0.0863    0.7      0.0947    0.7      0.1274    2.0      0.0415    1.9      0.1635    1.8      0.0818    2.0
      84    84      0.1380    6.8      0.0954    0.6      0.1764    2.4      0.0558    2.5      0.1469    2.5      0.0354    2.5      0.1236    0.7      0.0849    0.7      0.2726    2.0      0.0558    2.0      0.1480    2.0      0.0552    2.1
      91    91      0.0308    6.8      0.1048    0.6      0.1062    2.5      0.0688    2.6      0.1189    2.6      0.0312    2.7      0.0804    0.7      0.0789    0.6      0.1136    2.1      0.0609    2.0      0.1142    2.1      0.0710    2.0
      98    98      0.0226    6.8      0.0463    0.6      0.1358    2.6      0.0596    2.5      0.1408    2.6      0.0416    2.6      0.1881    0.7      0.0890    0.7      0.1060    1.9      0.0699    2.0      0.1777    2.0      0.0464    2.0
     105   105      0.1052    6.7      0.0429    0.6      0.0291    2.6      0.0245    2.5      0.0512    2.6      0.0308    2.6      0.0921    0.7      0.0816    0.7      0.0843    2.0      0.0311    2.0      0.0194    1.9      0.0351    2.0
     112   112      0.0738    6.9      0.0353    0.7      0.0304    2.4      0.0218    2.6      0.0360    2.6      0.0534    2.6      0.1076    0.7      0.0869    0.6      0.1069    2.0      0.0232    2.0      0.0309    2.0      0.0138    2.1
     119   119      0.1188    6.7      0.1181    0.6      0.0797    2.4      0.0361    2.5      0.1770    2.6      0.0459    2.5      0.1093    0.7      0.0667    0.7      0.1894    2.1      0.0335    2.1      0.1346    2.0      0.0362    2.0
     126   126      0.1155    6.8      0.0657    0.7      0.0631    2.6      0.0353    2.5      0.1435    2.6      0.0754    2.5      0.0441    0.7      0.0411    0.6      0.1930    2.0      0.0306    1.9      0.0709    1.9      0.0273    2.0
     133   133      0.0748    6.5      0.0899    0.7      0.0852    2.5      0.0567    2.4      0.1377    2.6      0.0610    2.6      0.0855    0.7      0.1489    0.6      0.1577    2.0      0.0663    2.0      0.0855    2.0      0.0614    2.0
     140   140      0.1337    6.7      0.1174    0.6      0.1226    2.5      0.0386    2.5      0.1023    2.6      0.0524    2.6      0.1889    0.7      0.1322    0.7      0.1554    2.1      0.0576    2.0      0.0693    2.0      0.0677    1.9
     147   147      0.2035    6.7      0.1209    0.7      0.0917    2.5      0.0482    2.5      0.1329    2.6      0.0513    2.6      0.1589    0.7      0.1658    0.6      0.1357    1.9      0.1087    2.0      0.1236    1.9      0.0425    2.0
     154   154      0.0747    6.7      0.1406    0.6      0.1071    2.5      0.0646    2.5      0.1156    2.6      0.0345    2.5      0.1336    0.7      0.0929    0.6      0.1319    1.9      0.0323    2.0      0.1384    2.0      0.0441    2.1
     161   161      0.1232    6.8      0.0920    0.6      0.1815    2.5      0.0339    2.5      0.1429    2.6      0.0519    2.6      0.0638    0.8      0.0662    0.7      0.1994    2.0      0.0552    2.0      0.0801    2.0      0.0442    2.0
     168   168      0.0796    6.8      0.0944    0.7      0.0344    2.5      0.0327    2.5      0.0629    2.6      0.0456    2.6      0.0924    0.7      0.0561    0.7      0.1144    2.0      0.0376    1.9      0.0367    1.9      0.0648    2.0
     175   175      0.0700    6.7      0.1075    0.7      0.1279    2.5      0.0581    2.6      0.1303    2.9      0.0798    2.6      0.0732    0.7      0.0506    0.6      0.2351    2.1      0.0705    2.0      0.1806    2.1      0.0518    2.1
     182   182      0.0538    6.7      0.0900    0.6      0.0142    2.4      0.0210    2.5      0.0668    2.7      0.0208    2.6      0.0999    0.8      0.0679    0.6      0.0922    2.0      0.0195    2.0      0.0164    2.0      0.0289    2.0
     189   189      0.0641    6.9      0.0833    0.7      0.1105    2.6      0.0289    2.5      0.0610    2.5      0.0379    2.6      0.1395    0.7      0.0736    0.7      0.1277    2.0      0.0438    2.1      0.0544    2.0      0.0411    2.1
     196   196      0.0631    6.5      0.0407    0.6      0.1021    2.5      0.0394    2.5      0.1126    2.5      0.0456    2.5      0.0706    0.7      0.0783    0.7      0.1362    2.0      0.0381    2.0      0.0582    1.9      0.0338    1.9
     203   203      0.0999    6.5      0.2083    0.6      0.2162    2.5      0.0379    2.5      0.1690    2.6      0.0629    2.6      0.2546    0.7      0.0525    0.6      0.2055    2.1      0.0511    2.1      0.1499    2.1      0.0486    2.0
     210   210      0.0527    6.8      0.1019    0.6      0.0769    2.5      0.0333    2.5      0.1599    2.6      0.0562    2.6      0.0630    0.7      0.1288    0.7      0.2319    2.0      0.0692    1.9      0.1754    1.9      0.0794    2.0
     217   217      0.0361    7.0      0.1514    0.7      0.1439    2.6      0.0512    2.6      0.1027    2.9      0.0285    2.9      0.1848    0.7      0.1453    0.7      0.2093    2.0      0.0469    2.1      0.1032    2.0      0.0563    2.1
     224   224      0.0386    6.7      0.0864    0.7      0.0877    2.4      0.0450    2.6      0.1749    2.6      0.0991    2.6      0.1636    0.7      0.0829    0.6      0.1631    1.9      0.0742    2.0      0.1028    2.0      0.0468    2.1
     231   231      0.1629    6.8      0.2165    0.7      0.2361    2.5      0.0722    2.5      0.1574    2.6      0.1259    2.5      0.1842    0.7      0.0978    0.7      0.2739    2.0      0.0655    2.1      0.1977    2.1      0.0731    2.0
     238   238      0.0750    6.6      0.0745    0.6      0.0810    2.4      0.0602    2.5      0.0923    2.5      0.0441    2.4      0.1014    0.7      0.0981    0.6      0.1113    2.0      0.0789    1.9      0.0824    2.0      0.0479    1.8
     245   245      0.2433    6.6      0.0503    0.6      0.0855    2.3      0.0712    2.4      0.1449    2.6      0.0916    2.5      0.0784    0.8      0.1068    0.6      0.1463    2.0      0.0888    2.0      0.1262    2.0      0.0658    2.0
     252   252      0.0370    6.8      0.1183    0.7      0.1225    2.5      0.0682    2.5      0.1689    2.6      0.1045    2.9      0.0637    0.7      0.0876    0.7      0.1920    2.1      0.0661    2.1      0.1635    2.1      0.0561    2.0
     259   259      0.0550    6.7      0.1216    0.7      0.1042    2.5      0.0490    2.6      0.3254    2.6      0.0666    2.6      0.0975    0.7      0.1214    0.7      0.1748    2.0      0.0588    2.0      0.0708    2.1      0.0600    2.1
     266   266      0.0946    6.5      0.0616    0.6      0.0889    2.4      0.0449    2.6      0.0610    2.6      0.0606    2.6      0.3380    0.7      0.1481    0.6      0.1026    2.0      0.0474    2.1      0.0819    2.0      0.0408    2.0
     273   273      0.0824    6.8      0.2948    0.7      0.2291    2.6      0.0612    2.6      0.2016    2.6      0.0495    2.6      0.1531    0.7      0.1732    0.7      0.2280    2.0      0.0458    2.1      0.1947    2.0      0.0667    2.1
     280   280      0.0571    6.6      0.0356    0.6      0.0608    2.5      0.0335    2.5      0.0450    2.6      0.0744    2.5      0.1068    0.7      0.0598    0.6      0.1073    2.0      0.0682    2.0      0.0668    2.0      0.0650    2.1
     287   287      0.0613    6.5      0.0650    0.7      0.1141    2.4      0.0431    2.5      0.0893    2.5      0.0394    2.6      0.0867    0.7      0.1078    0.6      0.2002    2.1      0.0485    2.1      0.1326    2.0      0.0397    1.9
     294   294      0.0474    6.7      0.0867    0.6      0.0485    2.5      0.0458    2.5      0.1918    2.5      0.0809    2.5      0.1306    0.7      0.0536    0.6      0.1418    1.9      0.0825    1.9      0.1582    1.8      0.0795    1.9
     301   301      0.1520    6.6      0.1070    0.6      0.1536    2.5      0.0709    2.4      0.2646    2.4      0.0466    2.6      0.0947    0.7      0.0723    0.7      0.2223    2.0      0.0361    2.0      0.1934    2.1      0.0373    2.0
     308   308      0.1081    6.6      0.0789    0.6      0.1531    2.4      0.0366    2.5      0.2155    2.6      0.0717    2.6      0.0567    0.7      0.0568    0.6      0.1791    2.0      0.0627    2.0      0.1283    2.0      0.0323    2.0
     315   315      0.0993    6.8      0.1354    0.6      0.0992    2.5      0.0456    2.5      0.1715    2.5      0.0291    2.6      0.1089    0.7      0.1556    0.7      0.2137    2.0      0.0709    2.0      0.1136    2.0      0.0620    2.0
     322   322      0.0554    6.7      0.0658    0.7      0.1691    2.5      0.0399    2.5      0.1408    2.5      0.0448    2.6      0.1011    0.8      0.1435    0.6      0.1259    2.0      0.0409    2.1      0.0950    2.1      0.0402    2.0
     329   329      0.0693    6.7      0.0978    0.6      0.0527    2.5      0.0438    2.6      0.0476    2.5      0.0405    2.5      0.1086    0.7      0.0880    0.7      0.1459    2.0      0.0890    2.0      0.0568    1.9      0.0471    1.9
     336   336      0.2608    6.7      0.1419    0.6      0.3304    2.5      0.0532    2.5      0.1487    2.5      0.0604    2.6      0.1678    0.7      0.1447    0.6      0.3909    2.0      0.0798    2.0      0.3406    2.0      0.0635    2.0
     343   343      0.1900    6.7      0.0935    0.6      0.0837    2.5      0.0707    2.5      0.0722    2.6      0.0724    2.5      0.1345    0.7      0.2259    0.6      0.2975    2.0      0.0637    2.0      0.1629    2.0      0.0335    2.0
     350   350      0.1215    6.6      0.0622    0.6      0.0747    2.2      0.0533    2.3      0.1344    2.6      0.0559    2.6      0.0961    0.7      0.0696    0.7      0.2280    2.0      0.1044    2.1      0.2001    2.0      0.0563    2.0
     357   357      0.1113    6.6      0.1706    0.6      0.0734    2.5      0.0465    2.5      0.0572    2.5      0.0568    2.6      0.1994    0.8      0.2567    0.6      0.1438    2.0      0.0412    2.0      0.0598    2.0      0.0449    2.0
     364   364      0.0887    6.7      0.0740    0.7      0.0991    2.5      0.1196    2.5      0.1413    2.6      0.1031    2.5      0.1896    0.7      0.1233    0.6      0.1167    2.0      0.1079    2.0      0.1545    2.0      0.0916    2.0
     371   371      0.0589    6.6      0.0985    0.6      0.2120    2.4      0.0477    2.5      0.1415    2.5      0.0521    2.4      0.0652    0.7      0.0858    0.7      0.2037    2.0      0.0602    2.0      0.1256    2.0      0.0484    2.0
     378   378      0.0537    6.6      0.1761    0.6      0.1389    2.4      0.0923    2.6      0.1528    2.6      0.0667    2.5      0.0946    0.7      0.0908    0.6      0.1969    2.0      0.0593    1.9      0.1941    1.9      0.0558    1.9
     385   385      0.0539    6.7      0.0826    0.6      0.2159    2.4      0.0327    2.5      0.0772    2.6      0.0298    2.6      0.0875    0.7      0.0843    0.7      0.1871    2.0      0.0377    2.0      0.0462    2.0      0.0214    2.0
     392   392      0.0884    6.5      0.0925    0.6      0.1080    2.4      0.0724    2.5      0.2017    2.6      0.0739    2.6      0.1424    0.8      0.0996    0.7      0.2248    2.0      0.0673    2.0      0.1225    2.1      0.0549    2.1
     399   399      0.0675    6.5      0.0832    0.6      0.1439    2.6      0.0593    2.5      0.1377    2.6      0.0881    2.7      0.1523    0.7      0.1215    0.6      0.2344    2.1      0.0834    2.0      0.0804    2.1      0.0482    2.0
     406   406      0.1180    6.8      0.2317    0.6      0.1039    2.5      0.0458    2.9      0.1284    2.8      0.0559    2.7      0.0969    0.7      0.1448    0.6      0.2297    2.0      0.0823    2.0      0.1080    2.1      0.0670    2.1
     413   413      0.0608    6.7      0.0604    0.7      0.0992    2.5      0.0282    2.5      0.1126    2.5      0.0573    2.5      0.0579    0.7      0.0898    0.6      0.1673    2.0      0.0292    2.1      0.1420    2.1      0.0229    2.1
     420   420      0.0707    6.8      0.0593    0.7      0.0916    2.5      0.0400    2.5      0.0651    2.5      0.0715    2.6      0.0600    0.7      0.0437    0.6      0.2018    2.0      0.0508    2.0      0.0807    2.1      0.0406    1.8
     427   427      0.2009    6.8      0.2114    0.7      0.0792    2.1      0.0346    2.3      0.1073    2.6      0.0566    2.7      0.0756    0.7      0.1045    0.7      0.0883    2.0      0.0508    2.0      0.0520    2.0      0.0450    2.0
     434   434      0.0496    6.7      0.0950    0.6      0.0946    2.4      0.0404    2.6      0.1035    2.6      0.0318    2.6      0.1501    0.8      0.1083    0.6      0.1560    2.1      0.0489    2.0      0.0561    2.1      0.0333    2.0
     441   441      0.1146    6.8      0.0575    0.7      0.1332    2.6      0.0523    2.4      0.1180    2.6      0.0607    2.6      0.1213    0.7      0.0861    0.6      0.1525    2.0      0.0768    2.0      0.1659    2.1      0.0738    2.0
     448   448      0.0668    6.8      0.0970    0.6      0.1230    2.5      0.0539    2.5      0.1465    2.6      0.0303    2.6      0.2262    0.8      0.0782    0.6      0.2743    2.0      0.0915    2.0      0.1342    1.9      0.0468    1.9
     455   455      0.0828    6.8      0.0720    0.7      0.0915    2.5      0.0539    2.6      0.0968    2.6      0.0841    2.6      0.0746    0.7      0.0968    0.7      0.1534    2.1      0.0503    2.1      0.1214    2.0      0.0650    2.1
     462   462      0.1091    6.7      0.0641    0.6      0.1455    2.5      0.0709    2.5      0.1698    2.6      0.0717    2.5      0.1676    0.7      0.0731    0.6      0.2136    2.0      0.0499    1.9      0.1822    1.9      0.0933    2.0
     469   469      0.0608    6.8      0.1633    0.7      0.1389    2.5      0.0850    2.5      0.2350    2.5      0.0994    2.6      0.1868    0.7      0.1041    0.7      0.1660    2.0      0.0933    2.0      0.1849    2.0      0.0774    2.0
     476   476      0.1263    6.6      0.0858    0.6      0.1234    2.5      0.0646    2.5      0.1154    2.5      0.0692    2.6      0.0548    0.8      0.0655    0.7      0.1240    2.0      0.0855    2.0      0.0630    2.1      0.0629    2.0
     483   483      0.0939    6.9      0.0757    0.7      0.1213    2.5      0.0773    2.5      0.1061    2.6      0.0902    2.6      0.1148    0.7      0.0974    0.7      0.1357    2.0      0.1290    2.0      0.0890    1.9      0.0981    2.0
     490   490      0.0932    6.7      0.0816    0.7      0.1677    2.6      0.0432    2.6      0.1678    2.5      0.0420    2.7      0.1530    0.7      0.1338    0.7      0.2238    2.0      0.1002    2.0      0.1652    2.0      0.0500    2.0
     497   497      0.2120    6.8      0.2257    0.7      0.1303    2.5      0.0989    2.5      0.1760    2.6      0.1336    2.6      0.0571    0.8      0.1559    0.7      0.0957    2.0      0.0786    2.0      0.1619    2.0      0.0838    2.0
     504   504      0.1028    6.8      0.1710    0.7      0.1815    2.5      0.0429    2.5      0.1866    2.6      0.0439    2.6      0.0891    0.7      0.1016    0.6      0.2663    2.0      0.0678    2.0      0.1099    2.0      0.0442    2.1
     511   511      0.0937    6.6      0.0689    0.7      0.1517    2.5      0.0820    2.7      0.1806    2.5      0.0600    2.6      0.0548    0.7      0.0773    0.7      0.1665    2.0      0.0791    2.0      0.1513    2.1      0.0802    2.0
     518   518      0.0429    6.8      0.1175    0.7      0.2383    2.5      0.0401    2.6      0.2355    2.5      0.0306    2.6      0.1330    0.7      0.0772    0.7      0.2121    2.0      0.0647    2.0      0.1812    2.1      0.0313    2.0
     525   525      0.0550    6.9      0.1240    0.7      0.0951    2.6      0.0434    2.5      0.0771    2.5      0.0448    2.6      0.1488    0.8      0.0457    0.7      0.0795    1.9      0.0548    2.0      0.0635    2.0      0.0313    2.1
     532   532      0.0648    6.9      0.0928    0.6      0.1376    2.4      0.0612    2.5      0.1632    2.6      0.0660    2.6      0.0990    0.7      0.0817    0.7      0.2729    2.1      0.0739    2.0      0.1906    2.1      0.0426    2.1
     539   539      0.1492    6.9      0.0841    0.7      0.2064    2.4      0.0469    2.5      0.0865    2.5      0.0417    2.6      0.1297    0.8      0.2319    0.7      0.1384    2.0      0.0467    2.0      0.1049    2.0      0.0762    2.1
     546   546      0.0718    6.9      0.1740    0.7      0.1373    2.5      0.0547    2.5      0.3033    2.6      0.0327    2.5      0.1227    0.7      0.0855    0.7      0.1743    2.0      0.0659    2.0      0.0690    2.0      0.0498    1.8
     553   553      0.1508    6.8      0.2910    0.7      0.1665    2.1      0.0449    2.5      0.0964    2.6      0.1248    2.6      0.1549    0.7      0.1137    0.6      0.1961    2.0      0.0621    2.0      0.1106    2.0      0.0603    1.9
     560   560      0.0746    6.7      0.0950    0.6      0.1370    2.4      0.0548    2.5      0.1485    2.6      0.0690    2.6      0.0688    0.7      0.1085    0.6      0.2690    2.0      0.0749    2.0      0.1013    2.0      0.0522    2.0
     567   567      0.0846    7.0      0.0850    0.7      0.1466    2.5      0.0603    2.5      0.1572    2.6      0.0729    2.6      0.1438    0.7      0.0582    0.7      0.3267    2.0      0.0816    2.0      0.2442    2.1      0.0691    2.0
     574   574      0.1534    6.9      0.1754    0.7      0.1004    2.5      0.0438    2.5      0.1118    2.6      0.0707    2.7      0.2001    0.7      0.2039    0.7      0.1597    1.6      0.0599    1.7      0.1226    2.0      0.0442    2.1
     581   581      0.1241    6.7      0.1512    0.7      0.0829    2.5      0.1436    2.6      0.1861    2.5      0.0531    2.5      0.1428    0.7      0.1125    0.7      0.1240    2.0      0.1043    2.0      0.1072    2.0      0.1352    2.1
     588   588      0.0732    6.8      0.0513    0.7      0.1025    2.5      0.0824    2.5      0.0612    2.5      0.0986    2.6      0.0766    0.7      0.1113    0.6      0.1950    1.9      0.0725    1.9      0.1114    1.9      0.0396    1.9
     595   595      0.1016    6.8      0.0722    0.7      0.1380    2.5      0.0488    2.5      0.0898    2.5      0.1018    2.6      0.0719    0.7      0.0995    0.7      0.2018    2.1      0.1233    2.0      0.1415    2.1      0.1153    2.0
     602   602      0.1770    6.7      0.1105    0.7      0.1180    2.5      0.0877    2.5      0.1221    2.5      0.0730    2.6      0.1371    0.7      0.3069    0.6      0.1216    2.1      0.0636    2.0      0.1297    2.0      0.1051    2.0
     609   609      0.1299    6.7      0.1074    0.6      0.1090    2.5      0.0445    2.5      0.1043    2.6      0.0364    2.6      0.1432    0.7      0.0712    0.6      0.0765    1.9      0.0856    2.0      0.0447    2.1      0.0401    2.0
     616   616      0.0701    6.7      0.1374    0.6      0.0582    2.5      0.1222    2.5      0.0686    2.7      0.1117    2.6      0.0811    0.8      0.1133    0.7      0.1404    2.1      0.0653    1.9      0.0593    2.0      0.0939    2.0
     623   623      0.1004    6.8      0.1283    0.7      0.1591    2.5      0.1065    2.5      0.1155    2.6      0.0789    2.6      0.2226    0.7      0.0968    0.7      0.1585    2.0      0.1212    2.1      0.1422    2.0      0.0422    1.9
     630   630      0.1195    6.6      0.1495    0.7      0.0701    2.4      0.0680    2.5      0.0746    2.5      0.0823    2.5      0.2991    0.7      0.0794    0.6      0.0711    2.0      0.0435    2.0      0.0602    2.0      0.0507    2.0
     637   637      0.2280    6.8      0.0862    0.6      0.1862    2.4      0.1439    2.6      0.1414    2.6      0.1342    2.6      0.0985    0.8      0.1110    0.7      0.1419    2.0      0.1610    2.0      0.1643    2.0      0.1604    2.0
     644   644      0.1534    7.0      0.1374    0.7      0.0694    2.7      0.0710    2.9      0.0781    2.8      0.0843    2.9      0.1998    0.7      0.1580    0.7      0.0733    2.0      0.0593    1.9      0.0631    2.0      0.0583    1.8
     651   651      0.0553    6.7      0.0679    0.7      0.1802    2.4      0.0748    2.5      0.0856    2.5      0.0412    2.5      0.1936    0.7      0.1455    0.7      0.2166    2.0      0.0745    2.0      0.1196    2.0      0.0419    2.1
     658   658      0.0927    6.8      0.0474    0.7      0.0846    2.5      0.0708    2.6      0.0811    2.5      0.0635    2.6      0.0952    0.7      0.0463    0.7      0.0750    2.0      0.0561    2.0      0.0667    2.0      0.0676    1.8
     665   665      0.1519    6.7      0.0746    0.7      0.1980    2.5      0.1003    2.7      0.2355    2.9      0.0749    2.6      0.1507    0.7      0.1026    0.7      0.2812    2.1      0.0848    2.1      0.2212    2.1      0.0653    2.0
     672   672      0.0644    6.8      0.1169    0.7      0.2203    2.4      0.0335    2.4      0.1581    2.8      0.0516    2.7      0.0645    0.7      0.0849    0.6      0.2064    2.1      0.0668    2.1      0.1261    2.0      0.0362    2.1
     679   679      0.0557    6.8      0.1034    0.6      0.0699    2.4      0.0600    2.5      0.0737    2.6      0.0477    2.6      0.1217    0.7      0.0665    0.7      0.1495    2.0      0.0711    2.1      0.0822    2.0      0.0494    2.0
     686   686      0.1553    6.8      0.0794    0.7      0.2003    2.5      0.1205    2.6      0.1103    2.5      0.1170    2.5      0.1298    0.7      0.0805    0.7      0.2409    2.0      0.0949    2.0      0.1749    2.0      0.0848    2.0
     693   693      0.0795    6.8      0.1064    0.6      0.1674    2.5      0.0457    2.6      0.2064    2.6      0.0422    2.6      0.1040    0.7      0.1370    0.7      0.2038    2.0      0.1048    2.0      0.0494    2.0      0.0567    2.0
