DDIM Inpainting  —  T=1000  stride=10
Reference: arXiv:2010.02502 (Song et al. 2021)
Checkpoint : /root/Repaint_vs_DPS/checkpoints_linear/best_model_linear.pt
Schedule   : linear   noise_std=0.11619
N seeds    : 20

Method            Mean RMSE   Std RMSE      Min      Max  Mean Time(s)
-----------------------------------------------------------------
DDIM eta=0           0.1365     0.0483   0.0652   0.2166          1.05
DDIM eta=1           0.1033     0.0354   0.0468   0.1624          1.03

Per-seed breakdown:
    Seed   idx  DDIM eta=0      t  DDIM eta=1      t
-------------------------------------------------------
       0     0      0.1567    1.5      0.0934    1.0
       7     7      0.1121    1.1      0.1498    1.1
      14    14      0.1536    1.0      0.0741    1.0
      21    21      0.1682    1.0      0.0468    1.0
      28    28      0.0731    1.0      0.0659    1.0
      35    35      0.0652    1.0      0.1009    1.0
      42    42      0.2131    1.0      0.1542    1.0
      49    49      0.1955    1.0      0.1624    1.0
      56    56      0.2166    1.0      0.1340    1.0
      63    63      0.1671    1.0      0.1018    1.0
      70    70      0.1252    1.0      0.1133    1.0
      77    77      0.1041    1.0      0.1000    1.1
      84    84      0.1663    1.0      0.0830    1.0
      91    91      0.1940    1.0      0.1267    1.0
      98    98      0.0917    1.0      0.1519    1.0
     105   105      0.1116    1.0      0.1027    1.0
     112   112      0.1673    1.0      0.0546    1.1
     119   119      0.1079    1.0      0.1294    1.0
     126   126      0.0677    1.0      0.0537    1.0
     133   133      0.0735    1.0      0.0664    0.9
