RePaint+DPS-r1  —  T=1000  stride=10
Checkpoint : /root/Repaint_vs_DPS/checkpoints_linear/best_model_linear.pt
Schedule   : linear   noise_std=0.11619
N seeds    : 20

Mean RMSE  : 0.1139   Std: 0.0569
Mean Time  : 3.42s

  Seed    idx       RMSE    Time(s)
----------------------------------------
     0      0     0.1297       3.76
     7      7     0.0899       3.68
    14     14     0.1570       3.73
    21     21     0.1791       3.37
    28     28     0.1121       3.72
    35     35     0.0698       3.65
    42     42     0.1510       3.48
    49     49     0.2599       3.70
    56     56     0.0262       3.65
    63     63     0.0447       3.60
    70     70     0.0619       3.54
    77     77     0.1559       3.63
    84     84     0.1785       3.49
    91     91     0.1364       3.06
    98     98     0.1012       3.14
   105    105     0.0274       3.02
   112    112     0.0557       3.03
   119    119     0.1254       3.06
   126    126     0.1211       3.04
   133    133     0.0957       3.06
