DDIM+DPS Inpainting  —  T=1000  stride=10
References: arXiv:2010.02502 (DDIM), arXiv:2209.14687 (DPS)
Checkpoint : /root/Repaint_vs_DPS/checkpoints_linear/best_model_linear.pt
Schedule   : linear   noise_std=0.11619
N seeds    : 20

Method                    Mean RMSE   Std RMSE      Min      Max  Mean Time(s)
---------------------------------------------------------------------------
DDIM+DPS e0 z=0.5            0.1543     0.0444   0.0754   0.2485          7.84
DDIM+DPS e0 z=0.04           0.0461     0.0239   0.0202   0.1077          7.92
DDIM+DPS e1 z=0.5            0.0991     0.0582   0.0244   0.2077          7.86
DDIM+DPS e1 z=0.04           0.0462     0.0190   0.0197   0.0761          7.46

Per-seed breakdown:
    Seed   idx  DDIM+DPS e0       t  DDIM+DPS e0       t  DDIM+DPS e1       t  DDIM+DPS e1       t
----------------------------------------------------------------------------------------------------
       0     0        0.1833   11.0        0.0334    7.8        0.1337    8.1        0.0761    7.4
       7     7        0.1742    7.0        0.0569    8.6        0.0757    9.4        0.0591    8.9
      14    14        0.1254    9.4        0.0866    8.1        0.1197    7.3        0.0750    7.0
      21    21        0.1131    7.2        0.0418    7.5        0.0601    8.1        0.0362    7.1
      28    28        0.1434    6.0        0.0477    7.6        0.0373    8.2        0.0485    7.4
      35    35        0.2071    8.0        0.0255    8.3        0.1982    7.1        0.0345    8.2
      42    42        0.2072    6.3        0.0294    6.4        0.1431    7.5        0.0425    7.1
      49    49        0.2485    7.4        0.0332    7.9        0.0767    7.7        0.0754    6.9
      56    56        0.1274    8.1        0.0256    8.7        0.0263    7.8        0.0300    7.5
      63    63        0.0754    8.1        0.0280    7.3        0.0353    8.1        0.0392    6.8
      70    70        0.1286    7.4        0.0714    7.1        0.0796    7.5        0.0372    6.6
      77    77        0.1616    7.0        0.0651    7.1        0.1226    6.9        0.0546    6.9
      84    84        0.2045    7.4        0.0647    7.5        0.1807    7.2        0.0259    6.9
      91    91        0.1397    7.0        0.1077    8.0        0.1184    7.5        0.0726    7.4
      98    98        0.1566    9.1        0.0336    9.5        0.0646    8.4        0.0652    8.0
     105   105        0.0757    8.7        0.0202    9.3        0.0244    8.9        0.0245    7.9
     112   112        0.0967    9.8        0.0250    8.9        0.0262    9.8        0.0249    9.5
     119   119        0.1630    7.1        0.0329    8.3        0.2077    7.0        0.0240    7.5
     126   126        0.1690    6.8        0.0218    7.8        0.1768    7.3        0.0197    7.1
     133   133        0.1848    8.2        0.0715    6.9        0.0745    7.6        0.0588    7.2
