RePaint+DPS-r1  —  T=1000  stride=10
Checkpoint : /root/Repaint_vs_DPS/checkpoints_linear/best_model_linear.pt
Schedule   : linear   noise_std=0.11619
N seeds    : 20

Mean RMSE  : 0.0508   Std: 0.0210
Mean Time  : 3.28s

  Seed    idx       RMSE    Time(s)
----------------------------------------
     0      0     0.0462       3.77
     7      7     0.0950       3.19
    14     14     0.0888       3.34
    21     21     0.0837       3.48
    28     28     0.0578       3.18
    35     35     0.0612       3.24
    42     42     0.0393       3.25
    49     49     0.0529       3.24
    56     56     0.0260       3.25
    63     63     0.0278       3.21
    70     70     0.0288       3.24
    77     77     0.0546       3.24
    84     84     0.0288       3.22
    91     91     0.0725       3.22
    98     98     0.0617       3.23
   105    105     0.0377       3.28
   112    112     0.0351       3.25
   119    119     0.0302       3.29
   126    126     0.0297       3.23
   133    133     0.0574       3.25
