RePaint Comparison  —  T=1000  stride=10
Checkpoint : /root/Repaint_vs_DPS/checkpoints_linear/best_model_linear.pt
Schedule   : linear   noise_std=0.11619
N seeds    : 20

Method           Mean RMSE   Std RMSE      Min      Max  Mean Time(s)
--------------------------------------------------------------------
RePaint-r10         0.0879     0.0401   0.0489   0.2114          8.18
RePaint-r1          0.1043     0.0446   0.0382   0.2038          0.80

Per-seed breakdown:
    Seed    idx   RPr10-RMSE   RPr10-t   RPr1-RMSE    RPr1-t
--------------------------------------------------------------------
       0      0       0.1352      8.51      0.1979      0.79
       7      7       0.0932      8.09      0.0856      0.80
      14     14       0.2114      8.11      0.0716      0.79
      21     21       0.0973      8.11      0.0988      0.80
      28     28       0.1097      8.12      0.1237      0.80
      35     35       0.0574      8.12      0.1242      0.79
      42     42       0.0706      8.17      0.0980      0.79
      49     49       0.0790      8.12      0.2038      0.79
      56     56       0.0508      8.12      0.1619      0.79
      63     63       0.1525      8.15      0.0753      0.79
      70     70       0.0549      8.10      0.0561      0.75
      77     77       0.0615      7.65      0.0994      0.75
      84     84       0.0670      7.72      0.0685      0.76
      91     91       0.0777      8.02      0.1187      0.79
      98     98       0.0489      8.15      0.1189      0.79
     105    105       0.0752      8.28      0.0382      0.87
     112    112       0.0670      8.40      0.0741      0.80
     119    119       0.1254      9.16      0.1452      0.83
     126    126       0.0571      8.28      0.0531      0.90
     133    133       0.0659      8.24      0.0726      0.87
